num <- 1 + 1
